25,000,00
6,000,00
13,000,00
8,000,00
185,000,00
350,00
25,000,00
94,000,00
63,000,00
18,000,00
93,000,00
160,000,00
4,400,00
25,000,00
11,000,00
55,000,00
94,000,00
63,000,00
5,000,00
950,00
6,000,00
33,000,00
19,000,00
3,180,00
1,000,00
18,000,00
806,947
1,752,00
230,000,00
1,500,00
7,500,00
9,000,00
31,500,00
1,800,00
100,000,00
94,000,00
1,500,00
70,000,00
3,101,00
11,000,00
935,00
686,033
927,262
19,000,00
90,000,00
19,000,00
2,479,00
15,000,00
2,000,00
18,500,00
200,000,00
1,300,00
180,000,00
103,000,00
60,000,00
2,200,00
15,000,00
40,000,00
2,000,00
1,100,00
1,200,00
4,500,00
45,000,00
20,000,00
30,000,00
3,000,00
2,540,80
72,000,00
32,500,00
2,883,848
17,000,00
6,000,00
3,000,00
18,000,00
35,000,00
5,500,00
10,500,00
3,000,00
18,000,00
1,500,00
750,00
48,000,00
150,000,00
250,00
910,00
4,000,00
28,000,00
6,000,00
13,500,00
75,000,00
175,000,00
5,000,00
300,00
1,288,00
220,000,00
30,000,00
60,000,00
28,000,00
25,000,00
829,00
923,00
33,000,00
15,000,00
3,000,00
325,00
7,000,00
25,000,00
15,000,00
1,200,00
750,00
2,100,00
40,000,00
3,977,00
6,000,00
1,821,052
17,500,00
15,000,00
52,000,00
25,000,00
54,000,00
2,000,00
2,777,00
10,000,00
6,000,00
8,000,00
15,000,00
40,000,00
4,000,00
795,00
165,000,00
30,000,00
180,000,00
1,400,00
3,800,00
94,000,00
15,900,00
4,500,00
15,000,00
120,000,00
25,000,00
8,000,00
320,00
16,000,00
30,000,00
2,100,00
7,500,00
6,400,00
689,665
110,000,00
2,000,00
29,000,00
13,000,00
1,661,53
13,000,00
16,000,00
3,000,00
3,200,00
60,000,00
2,200,00
125,000,00
2,600,00
11,000,00
6,244,087
1,500,00
1,250,00
1,100,00
13,000,00
1,500,00
15,000,00
1,448,864
140,000,00
10,497,444
1,800,00
25,000,00
1,073,00
140,000,00
1,120,175
115,000,00
30,000,00
12,000,00
60,000,00
25,000,00
150,000,00
80,000,00
3,750,00
2,000,00
4,000,00
1,300,00
9,000,00
1,900,00
12,000,00
1,162,00
63,000,00
1,200,00
2,300,00
2,500,00
291,00
18,000,00
226,408
980,00
25,000,00
670,00
70,000,00
8,500,00
3,000,00
650,00
37,000,00
4,000,00
30,000,00
10,000,00
40,000,00
2,800,00
114,00
12,000,00
1,600,00
25,000,00
6,000,00
20,000,00
5,800,00
100,000,00
2,500,00
11,000,00
3,500,00
890,00
30,000,00
19,000,00
19,000,00
18,000,00
92,000,00
237,000,00
4,000,00
15,000,00
10,000,00
2,500,00
19,000,00
